Ciencies
0 0 1 1 0 0 0 0 0 1 1 1 0 1 0 1 1 1 0 0
1 0 1 1 0 0 0 0 0 1 1 1 0 1 0 1 1 1 0 0
1 0 1 0 0 0 1 0 0 1 1 1 1 1 0 1 1 1 0 0
0 0 1 1 0 0 0 0 0 1 1 1 0 1 0 1 1 1 1 1
0 0 1 1 0 1 0 0 0 0 0 0 0 1 0 1 1 1 0 0

LLetres
0 0 1 1 0 0 0 0 0 1 1 1 0 1 0 1 1 1 0 0
1 0 1 1 0 0 0 0 0 1 1 1 0 1 0 1 1 1 0 0
1 0 1 0 0 0 1 0 0 1 1 1 1 1 0 1 1 1 0 0
0 0 1 1 0 0 0 0 0 1 1 1 0 1 0 1 1 1 1 1
0 0 1 1 0 1 0 0 0 0 0 0 0 1 0 1 1 1 0 0

Medicina
0 0 1 1 0 0 0 0 0 1 0 1 0 1 0 1 1 1 0 0
1 0 1 1 0 0 0 0 0 1 0 1 0 1 0 1 1 1 0 0
1 0 1 0 0 0 1 0 0 1 0 1 1 1 0 1 1 1 0 0
0 0 1 1 0 0 0 0 0 1 0 0 0 0 0 0 0 0 0 1
0 0 1 1 0 1 0 0 0 0 0 0 0 1 0 1 1 1 0 0